INDEX GRAMMATICUS.

ffl-

8813988101 418, 3. 414, 10. 416,
13. 417, 11. 431, 8
38139011110980913171 ο, 9
1381ομ011οί91 501, 1.
8103008611901 10, 6.
4114110101 135, 3.
49961191101131,18.139,9.
811171111ῑαί. e. 6417111681.
6189111161 575, 18.
1418911110111111137109901507,15.
311410454311.
144108α1ίμ111015ο6,19.
011111811νά17011 110,, 3.
610980917011, 1 0,1
α’ρειανί4111465, 10.
1199110117μο111141115 15.
6970110161 1494.
601911746301603, 1.
ἅστραπόρλητος 491, 7.
0641911116 88, 8.
ἅψινθιάζειν 530, 3.
8011191111 ῥίζα 515, 18.
7141111101 498, 1.
9164111536, 19.
890618410101 585, 4
717011071141431, 13 494, 5.
17771117Ῑ1513, 14.
6111911101530, 11.
6011411171 ἀστήρ 515, 9.
609016190101531, 15
6ρο111114 ἐκκλησία 495, 15. 498,

1411 Ήέβίῗοαὰδαν 536, 6
11141441ιῦ 531, 8.
110100151915.543,117
ίκροφᾰν 113, 16.
419011091161 147, 3149, 11.
41118914108111 518, 11.

61111ιέ91411 87,3.
31101611111311,19.
ἐπιχιονίζειν 517 5.
11330160μέ101 βίος 601,8.
4107990111 86 16.
4168011101 538, 10.
61111111κό1 49916. 500, 11. 511,
9516, 19.
131407μο1 619, 7.
18νῖ 11111 5110, 3. 510, 18.
1119131 508, 4.
10109781101111110511 511, 17.
ίχ806879 508, 1.
6 11118810 74, 14. 611, 15.

mmm 1155111. 3·

1110110110491, 5.
11096107111501171 1051.
1101080301114111 31, 17.
110100111317111ῐ1 457, 10.
101001113061 570, 10.
κατατίθεσθαι 600, 15.

11116101 511, 1.

καυίοιομεῐν 501, 1.
160119111498, 15. 550, 8. 566, 9.

. 110071111641498, 1.

1617911111κῶ1 70, 11.
1137017909ος 538, 8.

1011917161 493, 5.
κοπρόφεριος 5449

11ρᾶ7311 566, 7.

1191111119 519 18. 516, 10. 5471,

1110110698μο1500,11.
311901701111188, 7.
3111010170116510.
3160134181111 564, 18.
7101181111374, 18.

71111111 595, 19

 

